15
31
764
819
1092
1365
1638
1911
15
31
764
819
1092
1365
1638
1911
1
-1
2
-2
3
-3
4
-4
5
-5
6
-6
7
-7
8
-8
1
-1
2
-2
3
-3
4
-4
5
-5
6
-6
7
-7
8
-8
1
-1
2
-2
3
-3
4
-4
5
-5
6
-6
7
-7
8
-8
1
-1
2
-2
3
-3
4
-4
5
-5
6
-6
7
-7
8
-8
1
-1
2
-2
3
-3
4
-4
5
-5
6
-6
7
-7
8
-8
1
-1
2
-2
3
-3
4
-4
5
-5
6
-6
7
-7
8
-8
1
-1
2
-2
3
-3
4
-4
5
-5
6
-6
7
-7
8
-8
1
-1
2
-2
3
-3
4
-4
5
-5
6
-6
7
-7
8
-8
1
-1
2
-2
3
-3
4
-4
5
-5
6
-6
7
-7
8
-8
1
-1
2
-2
3
-3
4
-4
5
-5
6
-6
7
-7
8
-8
1
-1
2
-2
3
-3
4
-4
5
-5
6
-6
7
-7
8
-8
1
-1
2
-2
3
-3
4
-4
5
-5
6
-6
7
-7
8
-8
1
-1
2
-2
3
-3
4
-4
5
-5
6
-6
7
-7
8
-8
1
-1
2
-2
3
-3
4
-4
5
-5
6
-6
7
-7
8
-8
1
-1
2
-2
3
-3
4
-4
5
-5
6
-6
7
-7
8
-8
